145.37,
200.34,
244.56,
277.02,
300.20,
316.76,
328.71,
337.41,
343.84,
348.62,
352.21,
354.92,
356.99,
358.57,
359.79,
360.72,
361.45,
362.44,
363.05,
363.42,
363.64,
363.78,
363.86,
363.92,
363.95,
363.97,
363.98,
363.99,
363.99,
364.00,
364.00,
364.00,
364.00,
364.00,
364.00,
364.00,
364.00


sim:

185.52,
232.25,
272.79,
298.86,
321.1,
333.21,
345.63,
352.81,
357.89,
361.1,
364.25,
367.41,
368.76,
369.65,
369.96,
371.42,
371.96,
372.71,
373.18,
373.29,
373.55,
373.26,
373.38,
373.41,
373.35,
373.17,
373.20,
373.24,
373.29,
373.33,
373.40,
373.29,
373.35,
373.28,
373.32,
373.28,
373.32




2 general:

200.34,
244.56,
277.02,
300.20,
316.76,
328.71,
337.41,
343.84,
348.62,
352.21,
354.92,
356.99,
358.57,
359.79,
360.72,
361.45,
362.01,
362.44,
362.78,
363.05,
363.25


low:

91.57,
119.21,
137.83,
150.59,
159.49,
165.81,
170.37,
173.71,
176.18,
178.02,
179.41,
180.47,
181.27,
181.89,
182.36,
182.72,
183.01,
183.23,
183.40,
183.53,
183.63


high:

149.65,
166.33,
178.38,
186.97,
193.10,
197.51,
200.71,
203.05,
204.78,
206.06,
207.02,
207.74,
208.28,
208.69,
209.00,
209.24,
209.42,
209.55,
209.66,
209.74,
209.80




# if lambdas for each floors are different:


2 general: 

200.34,
213.05,
224.56,
234.95,
244.28,
252.65,
260.15,
266.87,
272.89,
278.29,
283.14,
287.49,
291.42,
294.96,
298.16,
301.05,
303.68,
306.07,
308.25,
310.24,
312.06


low = 91.57


high:

149.65,
158.64,
166.33,
172.86,
178.38,
183.04,
186.97,
190.29,
193.10,
195.48,
197.51,
199.23,
200.71,
201.97,
203.05,
203.98,
204.78,
205.46,
206.06,
206.57,
207.02


overall: 

119.23,
125.10,
130.57,
135.60,
140.18,
144.34,
148.10,
151.50,
154.59,
157.38,
159.92,
162.22,
164.33,
166.25,
168.01,
169.63,
171.12,
172.49,
173.77,
174.95,
176.04




